0.100000 0.286000 0.000000 0.039000
0.300000 0.253000 0.000000 0.022000
0.500000 0.237000 0.000000 0.019000
0.700000 0.197000 0.000000 0.016000
0.900000 0.145000 0.000000 0.014000
1.100000 0.110000 0.000000 0.012000
1.300000 0.078100 0.000000 0.009800
1.500000 0.038000 0.000000 0.007200
1.700000 0.046400 0.000000 0.008200
1.900000 0.019200 0.000000 0.004900
2.100000 0.025000 0.000000 0.006000
2.300000 0.011800 0.000000 0.004100
2.500000 0.005200 0.000000 0.002700
2.900000 0.001100 0.000000 0.001100
3.100000 0.001200 0.000000 0.001200
4.100000 0.001700 0.000000 0.001700
4.500000 0.001700 0.000000 0.001700
