0.100000 2.570000 0.000000 0.160000
0.300000 2.300000 0.000000 0.100000
0.500000 2.070000 0.000000 0.100000
0.700000 1.820000 0.000000 0.110000
0.900000 1.130000 0.000000 0.080000
1.100000 0.872000 0.000000 0.073000
1.300000 0.635000 0.000000 0.061000
1.500000 0.384000 0.000000 0.042000
1.700000 0.260000 0.000000 0.038000
1.900000 0.124000 0.000000 0.025000
2.100000 0.103000 0.000000 0.022000
2.300000 0.079000 0.000000 0.023000
2.500000 0.032000 0.000000 0.013000
2.700000 0.014000 0.000000 0.012000
2.900000 0.006600 0.000000 0.011500
3.100000 0.005500 0.000000 0.009600
3.900000 0.013300 0.000000 0.013800
