0.100000 0.096000 0.000000 0.020000
0.300000 0.070000 0.000000 0.011000
0.500000 0.070000 0.000000 0.009000
0.700000 0.073000 0.000000 0.009000
0.900000 0.053000 0.000000 0.007000
1.100000 0.052000 0.000000 0.008000
1.300000 0.032000 0.000000 0.006000
1.500000 0.018000 0.000000 0.004000
1.700000 0.010200 0.000000 0.003400
1.900000 0.002300 0.000000 0.001300
2.100000 0.007000 0.000000 0.003000
2.300000 0.001600 0.000000 0.001200
2.500000 0.000880 0.000000 0.000890
3.100000 0.001000 0.000000 0.001000
