0.100000 0.849000 0.000000 0.070000
0.300000 0.783000 0.000000 0.043000
0.500000 0.655000 0.000000 0.035000
0.700000 0.540000 0.000000 0.033000
0.900000 0.414000 0.000000 0.030000
1.100000 0.286000 0.000000 0.024000
1.300000 0.187000 0.000000 0.019000
1.500000 0.182000 0.000000 0.020000
1.700000 0.110000 0.000000 0.014000
1.900000 0.072000 0.000000 0.013000
2.100000 0.040800 0.000000 0.009900
2.300000 0.021900 0.000000 0.006800
2.500000 0.019000 0.000000 0.006500
2.700000 0.007900 0.000000 0.004000
2.900000 0.011000 0.000000 0.005000
3.100000 0.001900 0.000000 0.001900
3.300000 0.002300 0.000000 0.002300
3.700000 0.002800 0.000000 0.002900
