0.100000 9.160000 0.000000 0.420000
0.300000 7.650000 0.000000 0.300000
0.500000 6.610000 0.000000 0.300000
0.700000 5.580000 0.000000 0.300000
0.900000 3.910000 0.000000 0.270000
1.100000 2.730000 0.000000 0.230000
1.300000 1.850000 0.000000 0.200000
1.500000 1.580000 0.000000 0.200000
1.700000 0.838000 0.000000 0.155000
1.900000 0.503000 0.000000 0.136000
2.100000 0.397000 0.000000 0.102000
2.300000 0.189000 0.000000 0.084000
2.500000 0.058000 0.000000 0.101000
2.700000 0.212000 0.000000 0.194000
2.900000 0.139000 0.000000 0.108000
