0.100000 0.091000 0.000000 0.021000
0.300000 0.066000 0.000000 0.010000
0.500000 0.066000 0.000000 0.008000
0.700000 0.069000 0.000000 0.009000
0.900000 0.050000 0.000000 0.007000
1.100000 0.050000 0.000000 0.007700
1.300000 0.030000 0.000000 0.005600
1.500000 0.016600 0.000000 0.004000
1.700000 0.009700 0.000000 0.003300
1.900000 0.002200 0.000000 0.001300
2.100000 0.006700 0.000000 0.002900
2.300000 0.001550 0.000000 0.001120
2.500000 0.000840 0.000000 0.000840
3.100000 0.000960 0.000000 0.000980
