0.100000 0.117000 0.000000 0.008000
0.300000 0.119000 0.000000 0.005000
0.500000 0.109000 0.000000 0.004000
0.700000 0.094000 0.000000 0.003000
0.900000 0.078000 0.000000 0.003000
1.100000 0.050000 0.000000 0.002000
1.300000 0.044000 0.000000 0.002000
1.500000 0.033000 0.000000 0.002000
1.700000 0.023000 0.000000 0.002000
1.900000 0.015100 0.000000 0.001200
2.100000 0.012200 0.000000 0.001100
2.300000 0.007800 0.000000 0.000900
2.500000 0.005600 0.000000 0.000700
2.700000 0.004400 0.000000 0.000600
2.900000 0.002900 0.000000 0.000500
3.100000 0.001550 0.000000 0.000360
3.300000 0.001380 0.000000 0.000360
3.500000 0.001050 0.000000 0.000320
3.700000 0.000710 0.000000 0.000250
3.900000 0.000440 0.000000 0.000200
4.100000 0.000510 0.000000 0.000210
4.300000 0.000210 0.000000 0.000150
4.500000 0.000380 0.000000 0.000190
