0.100000 0.158000 0.000000 0.009000
0.300000 0.138000 0.000000 0.005000
0.500000 0.122000 0.000000 0.004000
0.700000 0.112000 0.000000 0.004000
0.900000 0.083000 0.000000 0.003000
1.100000 0.063000 0.000000 0.003000
1.300000 0.047000 0.000000 0.002000
1.500000 0.039000 0.000000 0.002000
1.700000 0.023000 0.000000 0.002000
1.900000 0.017100 0.000000 0.001200
2.100000 0.009500 0.000000 0.001100
2.300000 0.007200 0.000000 0.000900
2.500000 0.003900 0.000000 0.000700
2.700000 0.003300 0.000000 0.000600
2.900000 0.001600 0.000000 0.000400
3.100000 0.000840 0.000000 0.000360
3.300000 0.000830 0.000000 0.000320
3.500000 0.000260 0.000000 0.000180
3.700000 0.000630 0.000000 0.000280
4.700000 0.000150 0.000000 0.000150
