0.100000 0.382000 0.000000 0.016000
0.300000 0.354000 0.000000 0.009000
0.500000 0.328000 0.000000 0.008000
0.700000 0.280000 0.000000 0.007000
0.900000 0.221000 0.000000 0.007000
1.100000 0.170000 0.000000 0.006000
1.300000 0.125000 0.000000 0.005000
1.500000 0.086000 0.000000 0.004000
1.700000 0.055000 0.000000 0.003000
1.900000 0.047000 0.000000 0.003000
2.100000 0.027000 0.000000 0.002000
2.300000 0.020000 0.000000 0.002000
2.500000 0.014000 0.000000 0.002000
2.700000 0.007700 0.000000 0.001200
2.900000 0.005800 0.000000 0.001100
3.100000 0.003000 0.000000 0.000700
3.300000 0.001100 0.000000 0.000400
3.500000 0.002400 0.000000 0.000700
3.700000 0.002200 0.000000 0.000700
3.900000 0.000940 0.000000 0.000470
4.100000 0.000260 0.000000 0.000270
4.300000 0.000260 0.000000 0.000260
4.500000 0.000280 0.000000 0.000480
4.700000 0.000570 0.000000 0.000400
