0.100000 1.040000 0.000000 0.030000
0.300000 0.966000 0.000000 0.018000
0.500000 0.894000 0.000000 0.016000
0.700000 0.707000 0.000000 0.014000
0.900000 0.594000 0.000000 0.014000
1.100000 0.440000 0.000000 0.012000
1.300000 0.330000 0.000000 0.011000
1.500000 0.217000 0.000000 0.009000
1.700000 0.153000 0.000000 0.007000
1.900000 0.088000 0.000000 0.006000
2.100000 0.061000 0.000000 0.005000
2.300000 0.050000 0.000000 0.004000
2.500000 0.025000 0.000000 0.003000
2.700000 0.020000 0.000000 0.003000
2.900000 0.014000 0.000000 0.003000
3.100000 0.005900 0.000000 0.002100
3.300000 0.006400 0.000000 0.001900
3.500000 0.003800 0.000000 0.001200
3.700000 0.003100 0.000000 0.001500
3.900000 0.000500 0.000000 0.000900
4.100000 0.000500 0.000000 0.000500
4.300000 0.001800 0.000000 0.001000
4.500000 0.001500 0.000000 0.001500
4.900000 0.001200 0.000000 0.001200
