0.100000 2.880000 0.000000 0.120000
0.300000 2.760000 0.000000 0.080000
0.500000 2.300000 0.000000 0.070000
0.700000 2.080000 0.000000 0.070000
0.900000 1.480000 0.000000 0.060000
1.100000 1.180000 0.000000 0.060000
1.300000 0.817000 0.000000 0.048000
1.500000 0.590000 0.000000 0.043000
1.700000 0.458000 0.000000 0.037000
1.900000 0.319000 0.000000 0.032000
2.100000 0.167000 0.000000 0.024000
2.300000 0.111000 0.000000 0.021000
2.500000 0.071000 0.000000 0.019000
2.700000 0.049000 0.000000 0.015000
2.900000 0.053000 0.000000 0.014000
3.100000 0.008000 0.000000 0.013000
3.500000 0.026000 0.000000 0.013000
3.700000 0.010000 0.000000 0.010000
4.500000 0.027000 0.000000 0.028000
