0.100000 0.036500 0.000000 0.004200
0.300000 0.037800 0.000000 0.002500
0.500000 0.032300 0.000000 0.001900
0.700000 0.025700 0.000000 0.001600
0.900000 0.023200 0.000000 0.001400
1.100000 0.019900 0.000000 0.001300
1.300000 0.012800 0.000000 0.001000
1.500000 0.008200 0.000000 0.000800
1.700000 0.006000 0.000000 0.000600
1.900000 0.004800 0.000000 0.000600
2.100000 0.003200 0.000000 0.000500
2.300000 0.002500 0.000000 0.000400
2.500000 0.001400 0.000000 0.000300
2.700000 0.001000 0.000000 0.000300
2.900000 0.001000 0.000000 0.000300
3.100000 0.000280 0.000000 0.000140
3.300000 0.000580 0.000000 0.000220
3.500000 0.000350 0.000000 0.000160
3.700000 0.000060 0.000000 0.000060
4.100000 0.000080 0.000000 0.000080
4.300000 0.000160 0.000000 0.000160
4.500000 0.000070 0.000000 0.000070
