0.100000 0.009930 0.000000 0.002140
0.300000 0.006990 0.000000 0.000970
0.500000 0.007530 0.000000 0.000860
0.700000 0.005090 0.000000 0.000600
0.900000 0.003770 0.000000 0.000470
1.100000 0.003340 0.000000 0.000430
1.300000 0.002890 0.000000 0.000400
1.500000 0.002310 0.000000 0.000370
1.700000 0.001200 0.000000 0.000250
1.900000 0.000910 0.000000 0.000220
2.100000 0.000520 0.000000 0.000160
2.300000 0.000320 0.000000 0.000013
2.500000 0.000310 0.000000 0.000120
2.700000 0.000160 0.000000 0.000100
2.900000 0.000210 0.000000 0.000110
3.100000 0.000050 0.000000 0.000050
3.300000 0.000049 0.000000 0.000049
3.500000 0.000046 0.000000 0.000046
