0.100000 0.002250 0.000000 0.000850
0.300000 0.002590 0.000000 0.000540
0.500000 0.001570 0.000000 0.000350
0.700000 0.002070 0.000000 0.000340
0.900000 0.001540 0.000000 0.000270
1.100000 0.001290 0.000000 0.000240
1.300000 0.000970 0.000000 0.000200
1.500000 0.000850 0.000000 0.000180
1.700000 0.000520 0.000000 0.000140
1.900000 0.000160 0.000000 0.000080
2.100000 0.000240 0.000000 0.000100
2.300000 0.000130 0.000000 0.000080
2.700000 0.000120 0.000000 0.000070
2.900000 0.000037 0.000000 0.000037
3.100000 0.000039 0.000000 0.000039
