0.250000 38.200000 0.000000 6.800000
0.750000 25.500000 0.000000 5.400000
1.250000 8.740000 0.000000 3.110000
1.750000 9.040000 0.000000 3.230000
2.250000 2.040000 0.000000 1.450000
2.750000 0.992000 0.000000 0.995000
3.250000 4.840000 0.000000 2.210000
3.750000 1.770000 0.000000 1.260000
4.250000 1.250000 0.000000 1.260000
4.750000 0.000000 0.000000 0.890000
5.250000 0.000000 0.000000 0.720000
5.750000 0.000000 0.000000 1.200000
6.250000 0.000000 0.000000 0.780000
6.750000 0.000000 0.000000 2.800000
7.250000 0.000000 0.000000 0.680000
