0.250000 17.700000 0.000000 4.800000
0.750000 3.760000 0.000000 2.190000
1.250000 2.260000 0.000000 1.610000
1.750000 4.710000 0.000000 2.400000
2.250000 0.000000 0.000000 1.100000
2.750000 2.650000 0.000000 1.580000
3.250000 1.870000 0.000000 1.920000
3.750000 0.000000 0.000000 0.850000
4.250000 0.805000 0.000000 0.829000
4.750000 0.788000 0.000000 0.821000
5.250000 0.000000 0.000000 2.000000
5.750000 0.000000 0.000000 1.200000
6.250000 0.000000 0.000000 0.630000
6.750000 0.000000 0.000000 1.900000
7.250000 0.000000 0.000000 3.300000
