0.250000 72.900000 0.000000 9.600000
0.750000 51.300000 0.000000 7.900000
1.250000 31.800000 0.000000 6.000000
1.750000 17.200000 0.000000 4.400000
2.250000 7.320000 0.000000 2.790000
2.750000 10.500000 0.000000 3.200000
3.250000 8.440000 0.000000 3.260000
3.750000 3.300000 0.000000 1.930000
4.250000 1.040000 0.000000 1.050000
4.750000 0.717000 0.000000 0.722000
5.250000 0.764000 0.000000 0.771000
5.750000 2.070000 0.000000 1.520000
6.250000 2.620000 0.000000 1.970000
6.750000 0.000000 0.000000 0.780000
7.250000 0.000000 0.000000 0.770000
