0.250000 1.390000 0.000000 1.390000
0.750000 4.330000 0.000000 2.200000
1.250000 0.000000 0.000000 1.400000
1.750000 0.000000 0.000000 1.100000
2.250000 3.140000 0.000000 1.890000
2.750000 0.000000 0.000000 1.000000
3.250000 0.000000 0.000000 1.600000
3.750000 0.000000 0.000000 1.200000
4.250000 0.580000 0.000000 0.621000
4.750000 0.000000 0.000000 2.000000
5.250000 0.000000 0.000000 1.000000
5.750000 0.000000 0.000000 0.190000
6.250000 0.000000 0.000000 0.480000
6.750000 0.000000 0.000000 0.800000
7.250000 0.000000 0.000000 1.300000
