0.250000 22.200000 0.000000 5.200000
0.750000 21.600000 0.000000 5.400000
1.250000 8.980000 0.000000 3.220000
1.750000 3.870000 0.000000 1.960000
2.250000 3.140000 0.000000 1.830000
2.750000 2.200000 0.000000 1.580000
3.250000 1.300000 0.000000 1.320000
3.750000 1.160000 0.000000 1.180000
4.250000 0.000000 0.000000 0.710000
4.750000 0.669000 0.000000 0.686000
5.250000 0.000000 0.000000 1.000000
5.750000 0.000000 0.000000 1.000000
6.250000 0.000000 0.000000 1.400000
6.750000 0.000000 0.000000 1.200000
7.250000 0.000000 0.000000 0.910000
