0.025000 5.720000 0.000000 0.477000
0.075000 8.220000 0.000000 0.474000
0.125000 7.310000 0.000000 0.341000
0.175000 7.060000 0.000000 0.303000
0.225000 6.590000 0.000000 0.279000
0.275000 5.000000 0.000000 0.218000
0.325000 4.820000 0.000000 0.231000
0.375000 3.500000 0.000000 0.196000
0.425000 2.630000 0.000000 0.169000
0.475000 2.150000 0.000000 0.159000
0.525000 1.750000 0.000000 0.163000
0.575000 1.080000 0.000000 0.127000
0.625000 0.695000 0.000000 0.124000
0.675000 0.607000 0.000000 0.148000
