0.025000 7.510000 0.000000 0.551000
0.075000 8.740000 0.000000 0.452000
0.125000 8.480000 0.000000 0.368000
0.175000 7.810000 0.000000 0.298000
0.225000 6.630000 0.000000 0.254000
0.275000 5.670000 0.000000 0.219000
0.325000 5.680000 0.000000 0.250000
0.375000 4.250000 0.000000 0.215000
0.425000 3.730000 0.000000 0.215000
0.475000 2.760000 0.000000 0.207000
0.525000 2.010000 0.000000 0.167000
0.575000 1.600000 0.000000 0.196000
0.625000 0.800000 0.000000 0.114000
0.675000 0.362000 0.000000 0.087200
