0.025000 9.390000 0.000000 0.647000
0.075000 10.800000 0.000000 0.511000
0.125000 10.600000 0.000000 0.403000
0.175000 9.870000 0.000000 0.340000
0.225000 8.370000 0.000000 0.284000
0.275000 7.220000 0.000000 0.258000
0.325000 6.800000 0.000000 0.271000
0.375000 5.620000 0.000000 0.260000
0.425000 4.770000 0.000000 0.268000
0.475000 3.300000 0.000000 0.223000
0.525000 2.170000 0.000000 0.186000
0.575000 1.640000 0.000000 0.167000
0.625000 0.926000 0.000000 0.141000
0.675000 0.920000 0.000000 0.246000
