0.025000 3.550000 0.000000 0.350000
0.075000 4.140000 0.000000 0.296000
0.125000 4.790000 0.000000 0.288000
0.175000 4.330000 0.000000 0.238000
0.225000 4.120000 0.000000 0.219000
0.275000 3.750000 0.000000 0.204000
0.325000 3.030000 0.000000 0.182000
0.375000 2.350000 0.000000 0.151000
0.425000 2.370000 0.000000 0.178000
0.475000 1.480000 0.000000 0.136000
0.525000 0.853000 0.000000 0.098700
0.575000 0.662000 0.000000 0.085400
0.625000 0.342000 0.000000 0.070300
0.675000 0.267000 0.000000 0.076900
