0.125000 2.870000 0.000000 0.153000
0.375000 2.280000 0.000000 0.076500
0.625000 2.080000 0.000000 0.062500
0.875000 1.350000 0.000000 0.041300
1.125000 1.050000 0.000000 0.035600
1.375000 0.669000 0.000000 0.027500
1.625000 0.397000 0.000000 0.020300
1.875000 0.262000 0.000000 0.017200
2.125000 0.213000 0.000000 0.020200
2.375000 0.117000 0.000000 0.015000
2.625000 0.097900 0.000000 0.021500
2.875000 0.037600 0.000000 0.009080
3.125000 0.022900 0.000000 0.007890
3.375000 0.034500 0.000000 0.042500
3.625000 0.010600 0.000000 0.008860
3.875000 0.000501 0.000000 0.000432
