0.025000 3.400000 0.000000 0.330000
0.075000 3.630000 0.000000 0.281000
0.125000 4.040000 0.000000 0.278000
0.175000 4.020000 0.000000 0.253000
0.225000 3.750000 0.000000 0.226000
0.275000 3.180000 0.000000 0.200000
0.325000 2.780000 0.000000 0.189000
0.375000 2.070000 0.000000 0.151000
0.425000 2.070000 0.000000 0.167000
0.475000 1.390000 0.000000 0.140000
0.525000 0.927000 0.000000 0.112000
0.575000 0.495000 0.000000 0.079500
0.625000 0.304000 0.000000 0.082300
0.675000 0.095200 0.000000 0.044400
