0.025000 19.200000 0.000000 1.430000
0.075000 17.200000 0.000000 0.913000
0.125000 16.200000 0.000000 0.632000
0.175000 14.600000 0.000000 0.469000
0.225000 13.400000 0.000000 0.401000
0.275000 11.400000 0.000000 0.363000
0.325000 11.200000 0.000000 0.419000
0.375000 8.540000 0.000000 0.402000
0.425000 7.200000 0.000000 0.436000
0.475000 5.960000 0.000000 0.527000
0.525000 4.400000 0.000000 0.495000
0.575000 2.680000 0.000000 0.604000
0.625000 1.170000 0.000000 0.387000
0.675000 0.737000 0.000000 0.413000
