0.025000 17.000000 0.000000 1.340000
0.075000 13.500000 0.000000 0.653000
0.125000 12.400000 0.000000 0.460000
0.175000 11.500000 0.000000 0.368000
0.225000 10.800000 0.000000 0.334000
0.275000 9.920000 0.000000 0.330000
0.325000 8.160000 0.000000 0.310000
0.375000 6.440000 0.000000 0.288000
0.425000 5.790000 0.000000 0.322000
0.475000 5.040000 0.000000 0.364000
0.525000 3.800000 0.000000 0.350000
0.575000 3.190000 0.000000 0.426000
0.625000 2.230000 0.000000 0.417000
0.675000 0.253000 0.000000 0.126000
