0.125000 0.755000 0.000000 0.075200
0.375000 0.639000 0.000000 0.036700
0.625000 0.453000 0.000000 0.022900
0.875000 0.387000 0.000000 0.019200
1.125000 0.239000 0.000000 0.013100
1.375000 0.172000 0.000000 0.010500
1.625000 0.120000 0.000000 0.008670
1.875000 0.074300 0.000000 0.007010
2.125000 0.043400 0.000000 0.005550
2.375000 0.019900 0.000000 0.003430
2.625000 0.010200 0.000000 0.002490
2.875000 0.007000 0.000000 0.002490
3.125000 0.003230 0.000000 0.002480
3.375000 0.006660 0.000000 0.005970
