0.025000 6.890000 0.000000 0.590000
0.075000 4.960000 0.000000 0.314000
0.125000 6.010000 0.000000 0.323000
0.175000 4.980000 0.000000 0.246000
0.225000 5.010000 0.000000 0.233000
0.275000 4.230000 0.000000 0.212000
0.325000 4.150000 0.000000 0.217000
0.375000 3.490000 0.000000 0.203000
0.425000 2.290000 0.000000 0.156000
0.475000 1.700000 0.000000 0.136000
0.525000 1.160000 0.000000 0.119000
0.575000 0.883000 0.000000 0.109000
0.625000 0.560000 0.000000 0.099200
0.675000 0.186000 0.000000 0.044200
