0.125000 1.680000 0.000000 0.120000
0.375000 1.160000 0.000000 0.051000
0.625000 0.970000 0.000000 0.036200
0.875000 0.730000 0.000000 0.027800
1.125000 0.534000 0.000000 0.022400
1.375000 0.357000 0.000000 0.017700
1.625000 0.222000 0.000000 0.014000
1.875000 0.130000 0.000000 0.009970
2.125000 0.083900 0.000000 0.008930
2.375000 0.049400 0.000000 0.007090
2.625000 0.034000 0.000000 0.006790
2.875000 0.029500 0.000000 0.009500
3.125000 0.008440 0.000000 0.003170
3.375000 0.005730 0.000000 0.003760
