0.125000 6.750000 0.000000 0.305000
0.375000 5.594000 0.000000 0.156000
0.625000 4.484000 0.000000 0.122000
0.875000 3.500000 0.000000 0.090300
1.125000 2.560000 0.000000 0.076800
1.375000 1.780000 0.000000 0.067200
1.625000 1.120000 0.000000 0.053500
1.875000 0.817000 0.000000 0.062700
2.125000 0.259000 0.000000 0.029800
2.375000 0.346000 0.000000 0.057500
2.625000 0.147000 0.000000 0.034500
2.875000 0.045700 0.000000 0.015400
3.125000 0.000000 0.000000 0.000000
3.375000 0.000000 0.000000 0.000000
3.625000 0.000000 0.000000 0.000000
3.875000 0.000000 0.000000 0.000000
