0.250000 35.100000 0.000000 3.800000
0.750000 20.500000 0.000000 2.900000
1.250000 13.300000 0.000000 2.300000
1.750000 8.560000 0.000000 1.780000
2.250000 4.890000 0.000000 1.380000
2.750000 3.680000 0.000000 1.130000
3.250000 1.990000 0.000000 1.060000
3.750000 1.660000 0.000000 0.890000
4.250000 1.230000 0.000000 0.630000
4.750000 2.140000 0.000000 1.000000
5.250000 0.315000 0.000000 0.318000
5.750000 1.130000 0.000000 0.690000
6.250000 0.702000 0.000000 0.514000
6.750000 0.200000 0.000000 0.204000
7.250000 0.000000 0.000000 0.420000
