0.250000 21.400000 0.000000 3.000000
0.750000 14.400000 0.000000 2.500000
1.250000 5.230000 0.000000 1.410000
1.750000 4.170000 0.000000 1.270000
2.250000 3.300000 0.000000 1.180000
2.750000 2.470000 0.000000 1.020000
3.250000 1.950000 0.000000 0.820000
3.750000 1.130000 0.000000 0.670000
4.250000 0.874000 0.000000 0.516000
4.750000 0.405000 0.000000 0.410000
5.250000 1.080000 0.000000 0.660000
5.750000 0.721000 0.000000 0.536000
6.250000 0.000000 0.000000 0.280000
6.750000 0.000000 0.000000 0.470000
7.250000 0.000000 0.000000 0.260000
