0.250000 6.710000 0.000000 1.640000
0.750000 7.560000 0.000000 1.770000
1.250000 4.650000 0.000000 1.310000
1.750000 4.670000 0.000000 1.280000
2.250000 5.180000 0.000000 1.560000
2.750000 0.786000 0.000000 0.562000
3.250000 1.760000 0.000000 0.810000
3.750000 0.000000 0.000000 0.380000
4.250000 0.000000 0.000000 0.430000
4.750000 0.000000 0.000000 0.270000
5.250000 0.000000 0.000000 0.310000
5.750000 0.000000 0.000000 0.340000
6.250000 0.000000 0.000000 0.290000
6.750000 0.000000 0.000000 0.620000
7.250000 0.000000 0.000000 0.280000
