0.250000 62.500000 0.000000 5.300000
0.750000 43.600000 0.000000 4.400000
1.250000 31.700000 0.000000 3.800000
1.750000 20.300000 0.000000 3.000000
2.250000 12.600000 0.000000 2.400000
2.750000 5.950000 0.000000 1.560000
3.250000 3.560000 0.000000 1.330000
3.750000 3.280000 0.000000 1.180000
4.250000 3.350000 0.000000 1.210000
4.750000 2.340000 0.000000 0.990000
5.250000 0.620000 0.000000 0.444000
5.750000 1.000000 0.000000 0.730000
6.250000 1.290000 0.000000 0.680000
6.750000 0.249000 0.000000 0.253000
7.250000 0.000000 0.000000 0.290000
