0.250000 6.750000 0.000000 1.760000
0.750000 4.320000 0.000000 1.320000
1.250000 4.250000 0.000000 1.380000
1.750000 1.980000 0.000000 0.830000
2.250000 1.320000 0.000000 0.780000
2.750000 0.430000 0.000000 0.434000
3.250000 0.000000 0.000000 0.280000
3.750000 1.520000 0.000000 0.940000
4.250000 0.390000 0.000000 0.400000
4.750000 0.278000 0.000000 0.286000
5.250000 0.000000 0.000000 0.250000
5.750000 0.779000 0.000000 0.618000
6.250000 0.000000 0.000000 0.920000
6.750000 0.000000 0.000000 0.580000
7.250000 0.000000 0.000000 0.440000
