0.100000 1.630000 0.000000 0.110000
0.300000 1.440000 0.000000 0.080000
0.500000 1.190000 0.000000 0.070000
0.700000 1.040000 0.000000 0.070000
0.900000 0.601000 0.000000 0.051000
1.100000 0.441000 0.000000 0.043000
1.300000 0.248000 0.000000 0.030000
1.500000 0.255000 0.000000 0.036000
1.700000 0.159000 0.000000 0.028000
1.900000 0.063000 0.000000 0.015000
2.100000 0.044000 0.000000 0.016000
2.300000 0.050000 0.000000 0.016000
2.500000 0.008100 0.000000 0.008300
2.700000 0.011800 0.000000 0.008700
2.900000 0.004200 0.000000 0.004200
3.300000 -0.005000 0.000000 0.005100
