0.100000 6.290000 0.000000 0.320000
0.300000 5.880000 0.000000 0.240000
0.500000 4.750000 0.000000 0.230000
0.700000 3.690000 0.000000 0.220000
0.900000 2.930000 0.000000 0.220000
1.100000 1.680000 0.000000 0.160000
1.300000 1.260000 0.000000 0.140000
1.500000 0.678000 0.000000 0.124000
1.700000 0.598000 0.000000 0.102000
1.900000 0.059000 0.000000 0.067000
2.100000 0.176000 0.000000 0.062000
2.300000 0.033000 0.000000 0.055000
2.500000 0.105000 0.000000 0.056000
2.700000 -0.073000 0.000000 0.075000
