0.100000 0.399000 0.000000 0.043000
0.300000 0.342000 0.000000 0.025000
0.500000 0.333000 0.000000 0.022000
0.700000 0.255000 0.000000 0.020000
0.900000 0.181000 0.000000 0.017000
1.100000 0.130000 0.000000 0.014000
1.300000 0.073000 0.000000 0.011000
1.500000 0.045000 0.000000 0.008000
1.700000 0.035000 0.000000 0.007000
1.900000 0.020000 0.000000 0.006000
2.100000 0.008300 0.000000 0.003700
2.300000 0.009400 0.000000 0.004300
2.500000 0.005300 0.000000 0.003100
2.700000 0.001800 0.000000 0.001800
