0.100000 0.071000 0.000000 0.008400
0.300000 0.078400 0.000000 0.005500
0.500000 0.071200 0.000000 0.004100
0.700000 0.062400 0.000000 0.003300
0.900000 0.050300 0.000000 0.002600
1.100000 0.039000 0.000000 0.002100
1.300000 0.031200 0.000000 0.001800
1.500000 0.023400 0.000000 0.001500
1.700000 0.014700 0.000000 0.001000
1.900000 0.013100 0.000000 0.001100
2.100000 0.007050 0.000000 0.000720
2.300000 0.005000 0.000000 0.000610
2.500000 0.004590 0.000000 0.000620
2.700000 0.003300 0.000000 0.000590
2.900000 0.002150 0.000000 0.000490
3.100000 0.001590 0.000000 0.000520
