0.100000 0.024000 0.000000 0.005500
0.300000 0.020600 0.000000 0.002900
0.500000 0.018800 0.000000 0.002100
0.700000 0.017100 0.000000 0.001700
0.900000 0.009730 0.000000 0.001160
1.100000 0.010700 0.000000 0.001100
1.300000 0.007910 0.000000 0.000880
1.500000 0.006050 0.000000 0.000700
1.700000 0.003500 0.000000 0.000510
1.900000 0.001940 0.000000 0.000360
2.100000 0.002000 0.000000 0.000370
2.300000 0.001360 0.000000 0.000290
2.500000 0.001360 0.000000 0.000290
2.700000 0.000600 0.000000 0.000191
2.900000 0.000435 0.000000 0.000166
