0.100000 0.333000 0.000000 0.025000
0.300000 0.439000 0.000000 0.020000
0.500000 0.368000 0.000000 0.014000
0.700000 0.370000 0.000000 0.014000
0.900000 0.259000 0.000000 0.010000
1.100000 0.224000 0.000000 0.009000
1.300000 0.180000 0.000000 0.009000
1.500000 0.131000 0.000000 0.008000
1.700000 0.087500 0.000000 0.006800
1.900000 0.071300 0.000000 0.007000
2.100000 0.048200 0.000000 0.006300
2.300000 0.027200 0.000000 0.005400
2.500000 0.021700 0.000000 0.005200
2.700000 0.018400 0.000000 0.005700
