0.100000 0.050800 0.000000 0.006400
0.300000 0.067900 0.000000 0.004800
0.500000 0.064600 0.000000 0.003900
0.700000 0.049200 0.000000 0.002600
0.900000 0.041700 0.000000 0.002200
1.100000 0.032300 0.000000 0.001800
1.300000 0.024700 0.000000 0.001500
1.500000 0.019400 0.000000 0.001200
1.700000 0.013700 0.000000 0.001000
1.900000 0.008660 0.000000 0.000730
2.100000 0.006790 0.000000 0.000640
2.300000 0.004400 0.000000 0.000550
2.500000 0.003340 0.000000 0.000480
2.700000 0.002620 0.000000 0.000420
2.900000 0.001650 0.000000 0.000330
3.100000 0.001200 0.000000 0.000280
3.300000 0.001110 0.000000 0.000300
3.500000 0.000654 0.000000 0.000243
