0.125000 1.930000 0.000000 0.390000
0.375000 1.810000 0.000000 0.230000
0.625000 2.400000 0.000000 0.210000
0.875000 1.410000 0.000000 0.140000
1.125000 0.940000 0.000000 0.090000
1.375000 0.530000 0.000000 0.060000
1.625000 0.440000 0.000000 0.050000
1.875000 0.300000 0.000000 0.040000
2.125000 0.090000 0.000000 0.020000
2.375000 0.070000 0.000000 0.017000
2.625000 0.040000 0.000000 0.016000
2.875000 0.008000 0.000000 0.005000
3.125000 0.020000 0.000000 0.010000
3.375000 0.020000 0.000000 0.018000
3.625000 0.010000 0.000000 0.012000
