0.125000 32.240000 0.000000 2.100000
0.375000 32.240000 0.000000 1.300000
0.625000 25.672000 0.000000 0.920000
0.875000 19.920000 0.000000 0.710000
1.125000 14.380000 0.000000 0.550000
1.375000 9.810000 0.000000 0.430000
1.625000 5.940000 0.000000 0.320000
1.875000 3.870000 0.000000 0.250000
2.125000 2.020000 0.000000 0.170000
2.375000 0.960000 0.000000 0.110000
2.625000 0.440000 0.000000 0.070000
2.875000 0.280000 0.000000 0.060000
3.125000 0.110000 0.000000 0.040000
3.375000 0.080000 0.000000 0.044000
3.625000 0.020000 0.000000 0.020000
3.875000 0.050000 0.000000 0.030000
4.125000 0.007000 0.000000 0.007000
