0.125000 61.560000 0.000000 2.920000
0.375000 53.440000 0.000000 1.620000
0.625000 40.000000 0.000000 1.120000
0.875000 29.100000 0.000000 0.830000
1.125000 20.270000 0.000000 0.620000
1.375000 14.560000 0.000000 0.510000
1.625000 8.390000 0.000000 0.360000
1.875000 5.040000 0.000000 0.280000
2.125000 2.920000 0.000000 0.210000
2.375000 1.510000 0.000000 0.140000
2.625000 0.920000 0.000000 0.110000
2.875000 0.510000 0.000000 0.080000
3.125000 0.200000 0.000000 0.050000
3.375000 0.130000 0.000000 0.040000
3.625000 0.030000 0.000000 0.020000
3.875000 0.050000 0.000000 0.025000
4.125000 0.020000 0.000000 0.022000
4.375000 0.028000 0.000000 0.016000
