0.125000 11.400000 0.000000 1.120000
0.375000 11.400000 0.000000 0.680000
0.625000 10.580000 0.000000 0.520000
0.875000 8.290000 0.000000 0.410000
1.125000 6.180000 0.000000 0.310000
1.375000 4.040000 0.000000 0.230000
1.625000 2.170000 0.000000 0.160000
1.875000 1.440000 0.000000 0.130000
2.125000 0.920000 0.000000 0.100000
2.375000 0.520000 0.000000 0.080000
2.625000 0.240000 0.000000 0.050000
2.875000 0.070000 0.000000 0.030000
3.125000 0.090000 0.000000 0.030000
3.375000 0.030000 0.000000 0.020000
3.625000 0.020000 0.000000 0.020000
3.875000 0.020000 0.000000 0.010000
4.125000 0.010000 0.000000 0.010000
4.625000 0.003000 0.000000 0.003000
