0.125000 7.060000 0.000000 0.900000
0.375000 6.040000 0.000000 0.500000
0.625000 5.800000 0.000000 0.390000
0.875000 4.060000 0.000000 0.290000
1.125000 2.590000 0.000000 0.210000
1.375000 2.160000 0.000000 0.170000
1.625000 1.270000 0.000000 0.120000
1.875000 0.780000 0.000000 0.090000
2.125000 0.450000 0.000000 0.060000
2.375000 0.220000 0.000000 0.040000
2.625000 0.130000 0.000000 0.030000
2.875000 0.060000 0.000000 0.020000
3.125000 0.020000 0.000000 0.010000
3.375000 0.030000 0.000000 0.020000
3.875000 0.010000 0.000000 0.010000
