0.125000 2.270000 0.000000 0.390000
0.375000 3.450000 0.000000 0.310000
0.625000 2.770000 0.000000 0.210000
0.875000 2.080000 0.000000 0.160000
1.125000 1.590000 0.000000 0.120000
1.375000 1.030000 0.000000 0.090000
1.625000 0.790000 0.000000 0.070000
1.875000 0.440000 0.000000 0.050000
2.125000 0.250000 0.000000 0.040000
2.375000 0.140000 0.000000 0.020000
2.625000 0.040000 0.000000 0.010000
2.875000 0.070000 0.000000 0.020000
3.125000 0.050000 0.000000 0.010000
3.375000 0.030000 0.000000 0.010000
3.625000 0.009000 0.000000 0.006000
3.875000 0.020000 0.000000 0.010000
