0.125000 110.640000 0.000000 3.800000
0.375000 89.800000 0.000000 2.000000
0.625000 67.752000 0.000000 1.400000
0.875000 51.660000 0.000000 1.090000
1.125000 34.020000 0.000000 0.800000
1.375000 22.730000 0.000000 0.610000
1.625000 14.430000 0.000000 0.480000
1.875000 7.550000 0.000000 0.330000
2.125000 4.110000 0.000000 0.240000
2.375000 2.580000 0.000000 0.200000
2.625000 1.460000 0.000000 0.140000
2.875000 0.540000 0.000000 0.087000
3.125000 0.409000 0.000000 0.080000
3.375000 0.130000 0.000000 0.040000
3.625000 0.220000 0.000000 0.060000
3.875000 0.120000 0.000000 0.040000
4.125000 0.020000 0.000000 0.020000
