0.125000 22.424000 0.000000 1.900000
0.375000 18.600000 0.000000 1.000000
0.625000 17.680000 0.000000 0.790000
0.875000 14.270000 0.000000 0.620000
1.125000 9.820000 0.000000 0.470000
1.375000 6.380000 0.000000 0.360000
1.625000 4.140000 0.000000 0.260000
1.875000 2.370000 0.000000 0.190000
2.125000 1.400000 0.000000 0.150000
2.375000 0.950000 0.000000 0.120000
2.625000 0.440000 0.000000 0.090000
2.875000 0.280000 0.000000 0.060000
3.125000 0.040000 0.000000 0.030000
3.375000 0.060000 0.000000 0.040000
3.625000 0.050000 0.000000 0.030000
